%Beach characteristics derived from lidar surveys, compiled by USGS PCMSC on February 20, 2026
%iso_lon    %iso_lat    %sl_lon    %sl_lat    %dom_runup    %slope    %95_up  %95_low    %dhigh    %dlow    %esi    %month    %year
   235.818     43.8632    235.84016     43.85860     0      0.06170      0.08152      0.04187        10.23         3.31  7     4  2016
   235.822     43.8872    235.84481     43.88492     0      0.06880      0.09521      0.04239         6.69         3.23  7     4  2016
   235.823     43.8919    235.84506     43.88941     0      0.04961      0.09538      0.00383        18.30         4.16  7     4  2016
   235.825     43.8964    235.84604     43.89385     0      0.05734      0.10041      0.01426         8.87         3.22  7     4  2016
   235.827     43.9010    235.84655     43.89833     0      0.05140      0.06538      0.03742        18.93         4.17  7     4  2016
   235.828     43.9056    235.84749     43.90273     0      0.07631      0.10131      0.05131        16.76         4.06  7     4  2016
   235.829     43.9104    235.84822     43.90717     0      0.07357      0.09576      0.05138        16.97         4.10  7     4  2016
   235.832     43.9199    235.84943     43.91610     0      0.05006      0.06958      0.03054        16.02         3.81  7     4  2016
   235.832     43.9247    235.85112     43.92493     0      0.08868      0.12516      0.05221        16.79         4.15  7     4  2016
   235.833     43.9296    235.85144     43.92943     0      0.03110      0.08300      0.00000        13.47         3.60  7     4  2016
   235.833     43.9344    235.85246     43.93383     0      0.05185      0.09207      0.01164        15.76         3.63  7     4  2016
   235.834     43.9392    235.85311     43.93826     0      0.06424      0.07818      0.05030        16.78         4.14  7     4  2016
   235.835     43.9441    235.85390     43.94266     0      0.06424      0.08059      0.04788        18.72         4.03  7     4  2016
   235.836     43.9538    235.85552     43.95147     0      0.08315      0.11132      0.05498        16.24         3.62  7     4  2016
   235.838     43.9634    235.85674     43.96041     0      0.05621      0.10908      0.00334        14.48         3.69  7     4  2016
   235.838     43.9682    235.85827     43.96924     0      0.06442      0.08908      0.03976        14.79         3.72  7     4  2016
   235.838     43.9731    235.85883     43.97367     0      0.05126      0.07954      0.02299        16.99         3.45  7     4  2016
   235.837     43.9779    235.85956     43.97808     0      0.08653      0.11525      0.05781        17.95         4.33  7     4  2016
   235.837     43.9828    235.86014     43.98252     0      0.06510      0.08506      0.04514        17.69         3.69  7     4  2016
   235.838     43.9877    235.86067     43.98698     0      0.06132      0.07608      0.04656        17.07         3.59  7     4  2016
   235.839     44.0022    235.86196     44.00038     0      0.06311      0.08672      0.03949        13.08         4.29  7     4  2016
   235.840     44.0071    235.86210     44.00484     0      0.04815      0.06754      0.02876        15.38         3.59  7     4  2016
   235.840     44.0119    235.86180     44.00931     0      0.03890      0.05164      0.02617        11.37         4.26  7     4  2016
   235.841     44.0168    235.86184     44.01376     0      0.04216      0.08586      0.00000        13.68         5.11  7     4  2016
   235.843     44.0262    235.86106     44.02282     0      0.06927      0.11033      0.02821        11.39         5.54  7     4  2016
   235.844     44.0311    235.86368     44.03153     0      0.03497      0.06457      0.00537         9.78         2.76  7     4  2016
   235.844     44.0360    235.86500     44.03593     0      0.03005      0.04329      0.01682         6.11         4.38 3A     4  2016
   235.846     44.0453    235.86575     44.04038     0      0.02969      0.03868      0.02069         7.60         4.66  7     4  2016
   235.849     44.0597    235.86929     44.05677     0      0.05548      0.12215      0.00000        13.44         3.34  7     4  2016
   235.850     44.0694    235.87074     44.06564     0      0.05931      0.08302      0.03560        12.74         3.42  7     4  2016
   235.852     44.0790    235.87278     44.07901     0      0.03849      0.05453      0.02244         9.46         1.51  7     4  2016
   235.853     44.0887    235.87448     44.08789     0      0.04580      0.08606      0.00554        17.50         3.43  7     4  2016
   235.854     44.0984    235.87556     44.09660     0      0.03750      0.05105      0.02394        12.50         3.75  7     4  2016
   235.885     44.3744    235.90779     44.37296     0      0.02386      0.03597      0.01174         6.41         1.00  7     4  2016
   235.887     44.3841    235.90928     44.38098     0      0.02566      0.03388      0.01745         5.45         3.44  7     4  2016
   235.891     44.4081    235.91317     44.40408     0      0.03552      0.04802      0.02303        14.14         3.69  7     4  2016
   235.891     44.4276    235.91558     44.42617     0      0.01921      0.03029      0.00812         5.33         3.68  7     4  2016
   235.892     44.4325    235.91459     44.42879     0      0.03045      0.04651      0.01440         9.14         4.31  7     4  2016
   235.892     44.4374    235.91517     44.43782     0      0.04259      0.05932      0.02586         8.79         3.23  7     4  2016
   235.893     44.4520    235.91690     44.45125     0      0.03368      0.03894      0.02843         7.98         5.11  7     4  2016
   235.892     44.4618    235.91700     44.46026     0      0.02578      0.03732      0.01424        15.21         4.54  7     4  2016
   235.898     44.5331    235.92336     44.52503     0      0.02907      0.06332      0.00000         7.35         3.01  7     4  2016
   235.900     44.6057    235.93208     44.59742     0      0.03751      0.05925      0.01578         9.83         2.91  7     4  2016
   235.902     44.6101    235.93214     44.60193     0      0.03570      0.04854      0.02287        14.37         3.86  7     4  2016
   235.904     44.6144    235.93185     44.60628     0      0.05972      0.07700      0.04245        12.54         3.49  7     4  2016
   235.950     44.8938    235.96488     44.89181     0      0.06527      0.11781      0.01274         8.99         4.63  7     4  2016
   235.953     44.9030    235.96705     44.90154     0      0.02000      0.05950      0.00000         8.92         2.87  7     4  2016
   235.954     44.9078    235.96880     44.90495     0      0.05820      0.10081      0.01560         8.77         1.86  7     4  2016
   235.954     44.9127    235.96960     44.90942     0      0.04458      0.07336      0.01580         8.25         2.91  7     4  2016
   235.955     44.9175    235.97087     44.91742     0      0.04289      0.07401      0.01177         8.01         4.43  7     4  2016
   235.955     44.9224    235.97228     44.92270     0      0.05940      0.09321      0.02560         6.89         4.33  7     4  2016
   235.971     44.9968    235.98609     44.99153     0      0.05158      0.07531      0.02785        16.39         4.17  7     4  2016
   236.001     45.1205    236.01707     45.11508     0      0.04892      0.06723      0.03061         7.44         3.81  7     4  2016
   236.002     45.1252    236.01878     45.12197     0      0.03383      0.07459      0.00000         7.55         3.50  7     4  2016
   236.003     45.1300    236.02045     45.12634     0      0.08103      0.12865      0.03340         8.81         3.66  7     4  2016
   236.004     45.1349    236.02200     45.13517     0      0.04824      0.08819      0.00829         7.77         4.04  7     4  2016
   236.007     45.1442    236.02318     45.13957     0      0.04475      0.07457      0.01494         8.44         3.60  7     4  2016
   236.009     45.1488    236.02476     45.14665     0      0.04885      0.07442      0.02329         7.20         3.79  7     4  2016
   236.011     45.1681    236.02829     45.16623     0      0.05293      0.10020      0.00567         9.93         3.96  7     4  2016
   236.011     45.1730    236.02877     45.17062     0      0.11420      0.17883      0.04957        14.83         6.44  7     4  2016
   236.011     45.1779    236.02913     45.17952     0      0.05937      0.07873      0.04002        14.34         4.71  7     4  2016
   236.012     45.1925    236.03041     45.19287     0      0.04605      0.07415      0.01795        12.23         4.02  7     4  2016
   236.010     45.2021    236.03094     45.20182     0      0.11220      0.16180      0.06260        15.29         9.06  7     4  2016
   236.007     45.2164    236.02690     45.21583     0      0.03402      0.15410      0.00000        28.90         3.83  7     4  2016
   236.010     45.2454    236.03056     45.24496     0      0.03098      0.04870      0.01326         8.39         3.92  7     4  2016
   236.011     45.2502    236.03135     45.24939     0      0.03643      0.05525      0.01762         7.21         3.85  7     4  2016
   236.013     45.2549    236.03226     45.25378     0      0.05065      0.07548      0.02581         8.23         3.15 3A     4  2016
   236.014     45.2596    236.03284     45.25912     0      0.05252      0.07704      0.02800         9.99         4.09  7     4  2016
   236.015     45.2693    236.03409     45.26715     0      0.06073      0.08646      0.03500        10.81         3.70  7     4  2016
   236.015     45.2742    236.03433     45.27164     0      0.03509      0.06754      0.00265         8.22         3.40  7     4  2016
   236.015     45.2840    236.03578     45.28554     0      0.04457      0.08200      0.00713        17.19         3.67  7     4  2016
   236.016     45.2888    236.03606     45.28998     0      0.12379      0.17763      0.06995        16.08         6.16  7     4  2016
   236.016     45.2937    236.03558     45.29445     0      0.06099      0.11571      0.00626        12.59         5.20  7     4  2016
   236.016     45.3083    236.03522     45.31236     0      0.05277      0.06843      0.03710         8.74         3.68  7     4  2016
   236.015     45.3130    236.03471     45.31686     0      0.05086      0.07070      0.03101         7.16         3.71  7     4  2016
   236.009     45.3813    236.03123     45.37232     0      0.05293      0.07429      0.03157         8.38         3.17 3A     4  2016
   236.010     45.3858    236.03303     45.38118     0      0.05377      0.07141      0.03614        11.87         3.45  7     4  2016
   236.011     45.3907    236.03464     45.39008     0      0.04567      0.05298      0.03836         9.18         3.55  7     4  2016
   236.011     45.3955    236.03532     45.39453     0      0.03745      0.04799      0.02692        10.08         2.90  7     4  2016
   236.013     45.4003    236.03594     45.39900     0      0.04422      0.05596      0.03249         9.96         3.31 3A     4  2016
   236.014     45.4050    236.03651     45.40345     0      0.04724      0.05571      0.03877        19.96         3.79 3A     4  2016
   236.014     45.4099    236.03694     45.40793     0      0.04381      0.05775      0.02988        23.04         3.62 3A     4  2016
   236.014     45.4147    236.03748     45.41240     0      0.05031      0.06698      0.03363         9.42         3.47  7     4  2016
   236.014     45.4196    236.03811     45.42138     0      0.04045      0.04730      0.03361        10.85         3.59  7     4  2016
   236.015     45.4245    236.03860     45.42586     0      0.04671      0.07850      0.01493        11.26         3.76  7     4  2016
   236.014     45.5097    236.04159     45.50729     0      0.04849      0.07063      0.02635         7.45         3.29  7     4  2016
   236.015     45.5145    236.04315     45.51072     0      0.07307      0.09996      0.04618         9.70         2.99  7     4  2016
   236.016     45.5192    236.04381     45.51520     0      0.03785      0.06543      0.01027        11.22         3.44  7     4  2016
   236.017     45.5240    236.04482     45.51963     0      0.05203      0.06745      0.03661        10.04         3.94  7     4  2016
   236.018     45.5288    236.04629     45.52854     0      0.05268      0.06848      0.03688        11.81         3.53  7     4  2016
   236.016     45.5433    236.04802     45.54643     0      0.03053      0.03816      0.02290         8.73         3.23  7     4  2016
   236.024     45.5806    236.04422     45.57451     0      0.06232      0.09841      0.02624         6.33         3.09  7     4  2016
   236.026     45.5851    236.04543     45.57889     0      0.04299      0.07097      0.01500         6.08         3.01  7     4  2016
   236.029     45.5944    236.04927     45.59566     0      0.03163      0.05295      0.01032         6.79         3.55  7     4  2016
   236.029     45.5993    236.04953     45.59833     0      0.04026      0.05854      0.02198         7.16         3.76  7     4  2016
   236.030     45.6041    236.05051     45.60089     0      0.02637      0.06130      0.00000         6.82         2.16  7     4  2016
   236.036     45.6328    236.05626     45.63193     0      0.05379      0.08026      0.02732         7.17         3.06  7     4  2016
   236.036     45.6425    236.05717     45.64174     0      0.04318      0.06074      0.02562         8.68         3.51  7     4  2016
   236.037     45.6474    236.05747     45.64532     0      0.04952      0.06390      0.03514         7.59         3.30  7     4  2016
   236.013     45.8645    236.03676     45.86324     0      0.03491      0.04042      0.02941        16.31         3.57  7     4  2016
   236.006     45.9023    236.03241     45.90672     0      0.03335      0.16468      0.00000        14.74         3.49  7     4  2016
   236.019     45.9986    236.06568     45.98877     0      0.02500      0.03147      0.01853         6.87         3.61  7     4  2016
   236.021     46.0081    236.06834     46.00121     0      0.02111      0.03093      0.01128         5.00         3.64  7     4  2016
   236.023     46.0226    236.07012     46.01803     0      0.04238      0.07543      0.00933        10.97         2.99  7     4  2016
   236.023     46.0275    236.06921     46.02701     0      0.03595      0.05512      0.01678        12.26         3.54  7     4  2016
   236.023     46.0324    236.06930     46.03148     0      0.02282      0.03561      0.01003         9.54         3.55  7     4  2016
   236.024     46.0372    236.06925     46.03598     0      0.04430      0.05754      0.03105        12.78         3.52  7     4  2016
   236.024     46.0421    236.06873     46.04046     0      0.04347      0.05822      0.02872        12.91         3.96  7     4  2016
   236.024     46.0470    236.06786     46.04941     0      0.03182      0.04500      0.01864        13.33         3.71  7     4  2016
   236.024     46.0518    236.06730     46.05388     0      0.04175      0.05099      0.03252        13.40         3.50  7     4  2016
   236.023     46.0567    236.06616     46.05832     0      0.03324      0.04517      0.02131        13.17         3.82  7     4  2016
   236.022     46.0614    236.06484     46.06726     0      0.03812      0.05053      0.02572        13.02         3.61  7     4  2016
   236.020     46.0660    236.06389     46.07169     0      0.03504      0.04071      0.02937        12.88         3.39  7     4  2016
   236.018     46.0705    236.06203     46.08057     0      0.04982      0.06269      0.03695        12.50         3.70  7     4  2016
   236.016     46.0750    236.06046     46.08493     0      0.03232      0.04997      0.01468        12.87         3.80  7     4  2016
   236.015     46.0796    236.05964     46.08939     0      0.04939      0.06694      0.03183        13.56         3.53  7     4  2016
   236.012     46.0840    236.05804     46.09375     0      0.03353      0.04517      0.02190        12.99         3.58  7     4  2016
   236.008     46.0927    236.05502     46.10248     0      0.03349      0.04503      0.02196        12.85         3.80  7     4  2016
   236.006     46.0970    236.05338     46.10682     0      0.03351      0.04264      0.02437        13.05         3.88  7     4  2016
   236.004     46.1013    236.05164     46.11208     0      0.04431      0.06158      0.02704        13.97         3.63  7     4  2016
   236.001     46.1057    236.05018     46.11554     0      0.03636      0.05241      0.02031        13.97         3.48  7     4  2016
   235.999     46.1100    236.04813     46.11981     0      0.03456      0.04170      0.02742        13.10         3.76  7     4  2016
   235.997     46.1144    236.04450     46.12844     0      0.03664      0.03893      0.03436        13.24         3.63  7     4  2016
   235.994     46.1183    236.04077     46.13706     0      0.04237      0.05383      0.03091        13.35         3.57  7     4  2016
   235.988     46.1261    236.03811     46.14214     0      0.03313      0.04541      0.02086        14.29         3.59  7     4  2016
   235.985     46.1299    236.03456     46.14984     0      0.04353      0.05149      0.03557        14.46         3.83  7     4  2016
   235.982     46.1337    236.03241     46.15409     0      0.04246      0.04894      0.03598        14.43         3.58  7     4  2016
   235.979     46.1374    236.03000     46.15826     0      0.03378      0.04159      0.02596        13.78         3.56  7     4  2016
   235.975     46.1409    236.02570     46.16675     0      0.04710      0.05392      0.04028        15.33         3.64  7     4  2016
   235.969     46.1479    236.02334     46.17093     0      0.03816      0.04654      0.02978        14.69         3.37  7     4  2016
   235.965     46.1516    236.02097     46.17512     0      0.03296      0.04264      0.02328        12.42         3.05  7     4  2016
   235.962     46.1551    236.01864     46.17932     0      0.05296      0.06496      0.04097        13.53         3.84  7     4  2016
   235.959     46.1586    236.01593     46.18341     0      0.03481      0.04896      0.02066        12.80         3.43  7     4  2016
   235.955     46.1623    236.01349     46.18757     0      0.03780      0.04426      0.03135        12.03         3.32  7     4  2016
   235.952     46.1655    236.00806     46.19574     0      0.03659      0.04292      0.03025        10.82         3.37  7     4  2016
   235.936     46.1766    235.99678     46.21194     0      0.04328      0.04790      0.03866        13.28         3.59  7     4  2016
   235.932     46.1797    235.99402     46.21601     0      0.04546      0.05012      0.04079        14.07         3.78  7     4  2016
   235.860     46.2891    235.92279     46.27503     0      0.03803      0.06291      0.01315         4.81         2.39 3A     4  2016
   235.869     46.3061    235.92271     46.28841     0      0.03908      0.05227      0.02590         4.67         2.74 3A     4  2016
   235.875     46.3197    235.92961     46.31623     0      0.04452      0.06477      0.02426         7.50         3.19 3A     4  2016
   235.875     46.3245    235.93044     46.32069     0      0.04102      0.06926      0.01278         7.64         3.28 3A     4  2016
   235.876     46.3294    235.93112     46.32515     0      0.02756      0.04908      0.00604         7.40         3.53 3A     4  2016
   235.878     46.3385    235.93167     46.32959     0      0.02948      0.04292      0.01605         7.64         3.64 3A     4  2016
   235.879     46.3433    235.93248     46.33854     0      0.03076      0.04419      0.01733         7.56         3.31 3A     4  2016
   235.879     46.3481    235.93350     46.34741     0      0.01899      0.03254      0.00543         7.54         4.04 3A     4  2016
   235.881     46.3578    235.93415     46.35182     0      0.01413      0.01954      0.00872         7.25         4.25 3A     4  2016
   235.882     46.3626    235.93432     46.35627     0      0.01564      0.02804      0.00324         6.97         2.92 3A     4  2016
   235.883     46.3673    235.93493     46.36075     0      0.02431      0.03750      0.01112         7.12         3.71 3A     4  2016
   235.884     46.3720    235.93505     46.36522     0      0.03108      0.03826      0.02390         7.75         3.29 3A     4  2016
   235.885     46.3768    235.93532     46.36964     0      0.03111      0.03727      0.02494         8.26         3.69 3A     4  2016
   235.886     46.3816    235.93575     46.38035     0      0.02528      0.03593      0.01464         8.69         3.98 3A     4  2016
   235.886     46.3865    235.93638     46.38745     0      0.02593      0.03416      0.01770         7.81         3.46 3A     4  2016
   235.886     46.3914    235.93691     46.39190     0      0.02667      0.03276      0.02059         9.24         4.12 3A     4  2016
   235.886     46.3962    235.93745     46.39637     0      0.03164      0.04255      0.02073         9.32         4.57 3A     4  2016
   235.886     46.4011    235.93738     46.40085     0      0.02944      0.03788      0.02100         8.86         4.01 3A     4  2016
   235.886     46.4060    235.93755     46.40532     0      0.02696      0.03456      0.01935         8.86         3.46 3A     4  2016
   235.885     46.4157    235.93792     46.41425     0      0.02592      0.03564      0.01620         8.55         2.95 3A     4  2016
   235.886     46.4205    235.93835     46.41869     0      0.03448      0.04195      0.02701         7.92         3.34 3A     4  2016
   235.885     46.4254    235.93859     46.42755     0      0.02981      0.03765      0.02197         8.64         3.48 3A     4  2016
   235.885     46.4351    235.93866     46.43202     0      0.02606      0.03458      0.01754         8.69         3.97 3A     4  2016
   235.886     46.4400    235.93896     46.43642     0      0.03120      0.04025      0.02216         8.36         3.71 3A     4  2016
   235.886     46.4449    235.93927     46.44626     0      0.02712      0.03609      0.01816         8.76         3.73 3A     4  2016
   235.886     46.4498    235.93950     46.44977     0      0.03733      0.04773      0.02692         9.10         3.77 3A     4  2016
   235.887     46.4595    235.93960     46.45872     0      0.03461      0.04088      0.02835         9.02         3.50 3A     4  2016
   235.887     46.4644    235.93953     46.46320     0      0.02799      0.03980      0.01618         8.30         3.49 3A     4  2016
   235.887     46.4693    235.93966     46.47212     0      0.03252      0.03870      0.02635         8.94         3.68 3A     4  2016
   235.886     46.4741    235.93964     46.47656     0      0.03141      0.03707      0.02576         8.96         3.51 3A     4  2016
   235.884     46.4787    235.93952     46.48554     0      0.02498      0.03396      0.01599         8.60         4.12 3A     4  2016
   235.883     46.4834    235.93958     46.49002     0      0.01143      0.02438      0.00000         8.40         3.02 3A     4  2016
   235.882     46.4882    235.93954     46.49449     0      0.03149      0.04784      0.01513        10.22         4.70 3A     4  2016
   235.879     46.5022    235.93914     46.50345     0      0.02563      0.03487      0.01638         8.80         3.35 3A     4  2016
   235.879     46.5071    235.93898     46.50789     0      0.02671      0.03677      0.01665         8.39         3.42 3A     4  2016
   235.879     46.5119    235.93876     46.51682     0      0.02802      0.03518      0.02086         9.54         3.38 3A     4  2016
   235.878     46.5167    235.93839     46.52130     0      0.02408      0.03084      0.01732         8.99         3.34 3A     4  2016
   235.877     46.5215    235.93848     46.52593     0      0.03077      0.03686      0.02469         8.66         3.46 3A     4  2016
   235.876     46.5263    235.93810     46.53017     0      0.02211      0.02869      0.01552         7.27         3.94 3A     4  2016
   235.876     46.5361    235.93797     46.53465     0      0.02981      0.03812      0.02151         8.28         3.34 3A     4  2016
   235.876     46.5409    235.93732     46.54362     0      0.02679      0.04024      0.01334         9.07         3.64 3A     4  2016
   235.875     46.5458    235.93689     46.54809     0      0.01838      0.02543      0.01133         6.45         3.14 3A     4  2016
   235.875     46.5506    235.93641     46.55703     0      0.02407      0.03097      0.01717         8.53         3.66 3A     4  2016
   235.874     46.5554    235.93585     46.56151     0      0.02595      0.03043      0.02148         8.81         3.39 3A     4  2016
   235.873     46.5602    235.93523     46.56595     0      0.02172      0.02965      0.01379         6.74         3.13 3A     4  2016
   235.871     46.5649    235.93437     46.57491     0      0.02413      0.03382      0.01443         8.24         3.15 3A     4  2016
   235.870     46.5695    235.93397     46.57939     0      0.02873      0.03598      0.02148         8.33         3.20 3A     4  2016
   235.869     46.5742    235.93330     46.58386     0      0.02795      0.03229      0.02361         8.24         3.39 3A     4  2016
   235.866     46.5786    235.93226     46.59281     0      0.02495      0.03039      0.01952         8.11         3.03 3A     4  2016
   235.862     46.5873    235.93117     46.60176     0      0.02859      0.03360      0.02358         5.58         2.83 3A     4  2016
   235.860     46.5916    235.92987     46.61070     0      0.02866      0.03297      0.02436         7.99         3.17 3A     4  2016
   235.857     46.5958    235.92934     46.61517     0      0.02834      0.03450      0.02217         8.71         3.27 3A     4  2016
   235.851     46.6089    235.92838     46.62413     0      0.02670      0.03159      0.02181         6.82         3.04 3A     4  2016
   235.848     46.6132    235.92765     46.63309     0      0.02606      0.03577      0.01635         4.86         2.66 3A     4  2016
