%Beach characteristics derived from lidar surveys, compiled by USGS PCMSC on February 20, 2026
%iso_lon    %iso_lat    %sl_lon    %sl_lat    %dom_runup    %slope    %95_up  %95_low    %dhigh    %dlow    %esi    %month    %year
   236.255     38.9605    236.27268     38.95774     0      0.07733      0.12885      0.02582         7.78         2.65 3A     4  2016
   236.264     38.9720    236.27971     38.96460     0      0.11573      0.15317      0.07829        13.05         3.36 3A     4  2016
   236.268     38.9757    236.28157     38.96788     0      0.06484      0.11126      0.01842         8.26         4.08 3A     4  2016
   236.271     38.9798    236.28441     38.97183     0      0.04884      0.07634      0.02134         8.30         3.65 3A     4  2016
   236.283     38.9957    236.29461     38.98780     0      0.08723      0.14569      0.02877        10.28         4.09 3A     4  2016
   236.184     39.4752    236.19533     39.47266     0      0.03448      0.45933      0.00000         6.80         4.62 3A     4  2016
   236.186     39.4798    236.19614     39.47694     0      0.05662      0.15524      0.00000         9.56         3.53 3A     4  2016
   236.192     39.4936    236.20356     39.49068     0      0.11462      0.15265      0.07660         6.72         5.20 3A     4  2016
   236.193     39.4984    236.20537     39.49391     0      0.08156      0.12821      0.03491         9.62         3.64 3A     4  2016
   236.198     39.5071    236.21126     39.50218     0      0.06250      0.12898      0.00000        13.46         3.49 3A     4  2016
   236.211     39.5339    236.22602     39.53309     0      0.04948      0.12736      0.00000         6.17         4.37 3A     4  2016
   236.214     39.5435    236.22870     39.54096     0      0.07826      0.11189      0.04463         7.81         3.24 3A     4  2016
   235.624     40.2806    235.63638     40.27709     0      0.03498      0.09056      0.00000         6.82         4.44 3A     4  2016
   235.629     40.2945    235.64174     40.28963     0      0.07241      0.09742      0.04741         8.15         6.77 3A     4  2016
   235.622     40.3458    235.63683     40.35107     0      0.06362      0.11825      0.00898         9.88         5.41 3A     4  2016
   235.618     40.3552    235.63588     40.35993     0      0.08161      0.14811      0.01511        11.93         6.22 3A     4  2016
   235.616     40.3597    235.63463     40.36870     0      0.02504      0.08800      0.00000         5.77         2.81 3A     4  2016
   235.613     40.3640    235.63368     40.37311     0      0.04437      0.07272      0.01602         9.16         4.56 3A     4  2016
   235.611     40.3683    235.63308     40.37761     0      0.05243      0.07559      0.02928         8.28         3.52 3A     4  2016
   235.606     40.3770    235.63142     40.38192     0      0.04241      0.06212      0.02269         6.58         2.55 3A     4  2016
   235.629     40.5782    235.64918     40.57410     0      0.03023      0.06505      0.00000         4.83         3.68 3A     4  2016
   235.641     40.6058    235.66427     40.60345     0      0.05116      0.09191      0.01042         7.53         2.91 3A     4  2016
   235.647     40.6195    235.66868     40.61184     0      0.05987      0.11073      0.00901         8.14         5.12 3A     4  2016
   235.679     40.6754    235.70094     40.66685     0      0.04774      0.07847      0.01700         7.68         4.64 3A     4  2016
   235.685     40.6832    235.70697     40.67573     0      0.05337      0.10900      0.00000         6.74         4.34 3A     4  2016
   235.713     40.7190    235.73336     40.71204     0      0.04873      0.10063      0.00000         7.84         4.91 3A     4  2016
   235.741     40.7598    235.76150     40.75312     0      0.04540      0.06497      0.02582         8.24         5.12 3A     4  2016
   235.748     40.7731    235.76899     40.76629     0      0.05569      0.18642      0.00000         7.51         4.33 3A     4  2016
   235.753     40.7816    235.77549     40.77231     0      0.05460      0.10634      0.00285         7.39         3.14 3A     4  2016
   235.770     40.8002    235.78645     40.78826     0      0.05523      0.10651      0.00395         7.97         3.15 3A     4  2016
   235.776     40.8078    235.79269     40.79701     0      0.08804      0.10905      0.06704         7.72         3.39 3A     4  2016
   235.792     40.8274    235.80629     40.81801     0      0.05001      0.06709      0.03292         6.63         3.84 3A     4  2016
   235.798     40.8409    235.81813     40.83662     0      0.06029      0.08853      0.03205         8.87         3.99 3A     4  2016
   235.803     40.8495    235.82058     40.84068     0      0.04471      0.06045      0.02896         5.70         3.06 3A     4  2016
   235.821     40.8799    235.83950     40.87371     0      0.04436      0.07101      0.01771         9.53         2.98 3A     4  2016
   235.831     40.9027    235.85032     40.89549     0      0.04986      0.06744      0.03229        11.45         3.34 3A     4  2016
   235.833     40.9072    235.85370     40.90321     0      0.06425      0.08986      0.03863        11.06         3.66 3A     4  2016
   235.837     40.9167    235.85721     40.91183     0      0.05316      0.08632      0.02000        10.39         3.38 3A     4  2016
   235.838     40.9214    235.85890     40.91614     0      0.06438      0.09101      0.03776        11.67         4.03 3A     4  2016
   235.840     40.9262    235.86219     40.92477     0      0.05864      0.07698      0.04029         9.27         3.13 3A     4  2016
   235.841     40.9311    235.86369     40.92915     0      0.06383      0.07845      0.04921         9.77         3.64 3A     4  2016
   235.842     40.9360    235.86509     40.93352     0      0.06253      0.09422      0.03084        10.51         3.72 3A     4  2016
   235.842     40.9410    235.86654     40.93784     0      0.07146      0.10913      0.03378        10.37         3.46 3A     4  2016
   235.841     40.9511    235.87047     40.95104     0      0.03954      0.06127      0.01782         6.01         3.10 3A     4  2016
   235.842     40.9855    235.87926     40.98640     0      0.00805      0.02994      0.00000         6.03         1.68 3A     4  2016
   235.837     41.0097    235.88424     41.01195     0      0.02031      0.03240      0.00822         5.21         2.90 3A     4  2016
   235.837     41.0247    235.88663     41.02559     0      0.03866      0.06574      0.01157         5.69         2.59 3A     4  2016
   235.867     41.2683    235.90141     41.26769     0      0.06948      0.15920      0.00000         8.87         6.97 3A     4  2016
   235.895     41.3878    235.92630     41.37521     0      0.02648      0.09502      0.00000         9.43         6.03 3A     4  2016
   235.819     41.7085    235.85049     41.72087     0      0.03842      0.06252      0.01433         5.35         2.65 3A     4  2016
   235.816     41.7126    235.84916     41.72336     0      0.05742      0.08850      0.02635         6.02         2.29 3A     4  2016
   235.813     41.7165    235.84001     41.73479     0      0.03159      0.04519      0.01799         4.45         2.38 3A     4  2016
   235.805     41.7221    235.82941     41.74312     0      0.03485      0.04458      0.02512         4.42         2.97 3A     4  2016
   235.800     41.7245    235.82141     41.74469     0      0.01277      0.17409      0.00000         3.43         1.85 3A     4  2016
   235.685     41.8536    235.75470     41.79102     0      0.07362      0.10034      0.04690         7.41         3.06 3A     4  2016
   235.689     41.8564    235.76041     41.79989     0      0.07426      0.13003      0.01849         8.40         3.76 3A     4  2016
   235.696     41.8630    235.77095     41.82189     0      0.10690      0.14423      0.06957         8.54         4.92 3A     4  2016
   235.708     41.8729    235.77277     41.82620     0      0.10335      0.13722      0.06949         8.52         4.87 3A     4  2016
   235.717     41.8844    235.78422     41.86012     0      0.06916      0.09435      0.04397         7.16         3.76 3A     4  2016
   235.720     41.8887    235.78628     41.86804     0      0.07240      0.09958      0.04522        10.99         4.24 3A     4  2016
   235.725     41.8973    235.78866     41.87778     0      0.08224      0.11020      0.05428        11.18         4.37 3A     4  2016
   235.730     41.9059    235.79032     41.88581     0      0.07681      0.10578      0.04784         9.17         4.12 3A     4  2016
   235.733     41.9102    235.79103     41.89020     0      0.06965      0.09453      0.04477        12.68         4.36 3A     4  2016
   235.735     41.9146    235.79179     41.89469     0      0.07091      0.09202      0.04981         9.04         3.60 3A     4  2016
   235.738     41.9191    235.79304     41.90356     0      0.11851      0.16765      0.06937        11.42         3.49 3A     4  2016
   235.739     41.9237    235.79380     41.91255     0      0.09787      0.11488      0.08086        10.62         4.45 3A     4  2016
   235.741     41.9284    235.79413     41.91705     0      0.07601      0.09408      0.05793        11.17         4.56 3A     4  2016
   235.743     41.9331    235.79490     41.92599     0      0.11713      0.16566      0.06860         9.94         3.87 3A     4  2016
   235.749     41.9470    235.79498     41.93676     0      0.05213      0.10576      0.00000         8.56         3.66 3A     4  2016
   235.750     41.9517    235.79519     41.94103     0      0.06162      0.11189      0.01135         8.19         3.38 3A     4  2016
   235.754     41.9663    235.79335     41.96206     0      0.07658      0.13576      0.01739         9.39         5.51 3A     4  2016
   235.757     41.9857    235.78835     41.99834     0      0.08891      0.10676      0.07106         7.43         5.73 3A     4  2016
