%Beach characteristics derived from lidar surveys, compiled by USGS PCMSC on February 20, 2026
%iso_lon    %iso_lat    %sl_lon    %sl_lat    %dom_runup    %slope    %95_up  %95_low    %dhigh    %dlow    %esi    %month    %year
   238.580     35.8487    238.58884     35.85306     1      0.22736      0.38334      0.07138        10.63         1.02 6A     4  2016
   238.133     36.2710    238.14146     36.28104     0      0.08245      0.17291      0.00000         3.73         1.93 3A     4  2016
   238.128     36.2732    238.13378     36.28511     0      0.08458      0.16862      0.00055         9.84         4.42 3A     4  2016
   238.098     36.3042    238.10115     36.30759     0      0.03761      0.17067      0.00000         8.30         4.48 3A     4  2016
   238.097     36.3088    238.10222     36.31026     0      0.05074      0.16571      0.00000         6.59         4.75 3A     4  2016
   238.095     36.3134    238.10404     36.31546     0      0.05950      0.13317      0.00000        10.70         3.98 3A     4  2016
   238.095     36.3331    238.10578     36.33102     0      0.08304      0.15958      0.00000         9.17         5.73 3A     4  2016
   238.060     36.5345    238.07168     36.53584     0      0.04161      0.14221      0.00000         6.45         2.50 3A     4  2016
   238.026     36.5937    238.03629     36.58911     0      0.07130      0.17584      0.00000         6.12         1.59 3A     4  2016
   238.044     36.6224    238.05716     36.61670     0      0.08169      0.13284      0.00560         7.63         3.03 3A     4  2016
   238.115     36.6120    238.11425     36.60107     0      0.05408      0.07815      0.03000         3.51         2.07 3A     4  2016
   238.120     36.6124    238.12500     36.60272     0      0.07203      0.09481      0.04926         9.17         2.22 3A     4  2016
   238.125     36.6135    238.12991     36.60482     0      0.06109      0.11403      0.00814         9.14         2.38 3A     4  2016
   238.129     36.6157    238.13629     36.60842     0      0.09805      0.13248      0.06362         6.25         3.05 3A     4  2016
   238.141     36.6245    238.14770     36.61777     0      0.12731      0.21527      0.03936         9.97         3.72 3A     4  2016
   238.145     36.6281    238.15314     36.62352     0      0.12383      0.18154      0.06613        24.76         6.21 3A     4  2016
   238.148     36.6318    238.15685     36.62798     0      0.12990      0.16464      0.09516        17.05         6.31 3A     4  2016
   238.151     36.6354    238.15917     36.63103     0      0.14068      0.16672      0.11463        29.56         6.40 3A     4  2016
   238.165     36.6558    238.17206     36.65101     0      0.13618      0.16508      0.10728        15.05         4.10 3A     4  2016
   238.169     36.6647    238.17832     36.66351     0      0.12137      0.18874      0.05400        24.99         6.15 3A     4  2016
   238.173     36.6739    238.18198     36.67198     0      0.11570      0.15660      0.07480        27.51         6.06 3A     4  2016
   238.175     36.6835    238.18525     36.68064     0      0.12966      0.16680      0.09253        23.11         5.78 3A     4  2016
   238.177     36.6883    238.18786     36.68941     0      0.09348      0.13472      0.05224        12.63         5.57 3A     4  2016
   238.177     36.6932    238.18922     36.69378     0      0.14367      0.18997      0.09737        14.67         3.67 3A     4  2016
   238.176     36.7030    238.19077     36.70270     0      0.08705      0.15610      0.01800        16.72         4.07 3A     4  2016
   238.175     36.7076    238.19221     36.71166     0      0.07250      0.13668      0.00832        10.22         4.80 3A     4  2016
   238.170     36.7266    238.19327     36.73041     0      0.05347      0.12440      0.00000         8.45         4.22 3A     4  2016
   238.190     36.7935    238.20523     36.78715     0      0.09651      0.16085      0.03217         8.71         2.66 3A     4  2016
   238.195     36.8022    238.21013     36.80005     0      0.05771      0.12008      0.00000         5.63         2.00 3A     4  2016
   238.188     36.8151    238.20179     36.82508     0      0.04113      0.07423      0.00804         7.22         2.37 3A     4  2016
   238.185     36.8187    238.20007     36.82943     0      0.08793      0.12106      0.05481         7.54         2.81 3A     4  2016
   238.181     36.8212    238.19621     36.83791     0      0.10073      0.13406      0.06739         9.40         2.36 3A     4  2016
   238.173     36.8273    238.19487     36.84225     0      0.03147      0.08935      0.00000         5.08         3.04 3A     4  2016
   238.160     36.8480    238.18775     36.85329     0      0.13296      0.20483      0.06110         7.30         4.67 3A     4  2016
   238.152     36.8603    238.17702     36.87117     0      0.05200      0.09972      0.00429         7.12         2.23 3A     4  2016
   238.145     36.8676    238.17003     36.88245     0      0.06868      0.08363      0.05373         7.28         3.37 3A     4  2016
   238.141     36.8709    238.16689     36.88716     0      0.06985      0.08698      0.05273        29.89         4.55 3A     4  2016
   238.138     36.8746    238.16567     36.88871     0      0.05573      0.07822      0.03325        29.16         4.77 3A     4  2016
   238.135     36.8785    238.16426     36.89120     0      0.08832      0.11536      0.06129        19.02         4.78 3A     4  2016
   238.106     36.9121    238.14055     36.92697     0      0.08315      0.18663      0.00000        17.30         5.17 3A     4  2016
   238.027     36.9404    238.01618     36.95898     0      0.01745      0.11250      0.00000         3.62         1.81 3A     4  2016
   238.003     36.9337    238.00149     36.96178     0      0.02345      0.12729      0.00000         6.85         3.44 3A     4  2016
   237.979     36.9373    237.98107     36.96299     0      0.02184      0.04279      0.00089         4.01         2.64 3A     4  2016
   237.797     37.0008    237.80701     37.00869     0      0.09990      0.24019      0.00000        19.03         6.23 3A     4  2016
   237.714     37.0838    237.72277     37.09287     0      0.02026      0.15310      0.00000        15.69         3.08 3A     4  2016
   237.629     37.1523    237.63936     37.15900     0      0.07394      0.12478      0.02309         9.56         3.29 3A     4  2016
   237.625     37.1560    237.63763     37.16325     0      0.02950      0.08796      0.00000         5.72         3.25 3A     4  2016
   237.592     37.1849    237.60221     37.18998     0      0.07109      0.17955      0.00000         7.50         3.20 3A     4  2016
   237.567     37.2687    237.58873     37.26840     0      0.08559      0.17907      0.00000         9.95         3.63 3A     4  2016
   237.523     37.4577    237.55243     37.47047     0      0.07913      0.16222      0.00000        10.25         3.45 3A     4  2016
   237.473     37.6013    237.49779     37.59927     0      0.05010      0.10284      0.00000         5.61         3.61 3A     4  2016
   237.455     37.6986    237.49709     37.70964     0      0.08391      0.10846      0.05936        23.38         4.02 3A     4  2016
   237.422     37.7093    237.49210     37.73639     0      0.05601      0.11126      0.00076        10.61         2.73 3A     4  2016
   237.400     37.7189    237.49155     37.74087     0      0.05080      0.09153      0.01008        10.12         3.11 3A     4  2016
   237.387     37.7266    237.48964     37.75426     0      0.06872      0.10062      0.03682        11.79         2.60 3A     4  2016
   237.362     37.7500    237.51468     37.79157     0      0.07532      0.24046      0.00000        10.50         5.74 3A     4  2016
   237.358     37.7956    237.46264     37.83025     0      0.08211      0.20080      0.00000         5.00         4.20 3A     4  2016
   237.380     37.8476    237.42463     37.85886     0      0.07357      0.26593      0.00000         4.47         3.90 3A     4  2016
   237.351     37.8641    237.35476     37.89883     0      0.06096      0.10529      0.01662         4.34         2.49 3A     4  2016
   237.127     38.0105    237.13158     38.02110     0      0.09985      0.13013      0.06956        13.04         2.86 3A     4  2016
   237.122     38.0105    237.12083     38.02407     0      0.01978      0.04628      0.00000         5.02         2.10 3A     4  2016
   237.117     38.0099    237.11565     38.02529     0      0.03156      0.04883      0.01428         6.50         2.01 3A     4  2016
   237.113     38.0093    237.10899     38.02651     0      0.04055      0.05030      0.03080         7.14         2.79 3A     4  2016
   237.103     38.0090    237.10335     38.02730     0      0.02954      0.03970      0.01939         7.89         2.52 3A     4  2016
   237.098     38.0094    237.09880     38.02776     0      0.02412      0.04588      0.00237         6.66         2.30 3A     4  2016
   237.093     38.0097    237.09333     38.02819     0      0.00424      0.19730      0.00000         9.92         1.06 3A     4  2016
   237.078     38.0104    237.07715     38.02905     0      0.02566      0.24900      0.00000         4.38         1.97 3A     4  2016
   237.064     38.0081    237.03836     38.02686     0      0.03057      0.15295      0.00000         4.03         2.35 3A     4  2016
   236.982     38.0105    236.99123     38.00656     0      0.12034      0.17191      0.06876        29.10         6.72 3A     4  2016
   236.986     38.0194    236.99492     38.01512     0      0.04992      0.09799      0.00185        15.24         3.79 3A     4  2016
   236.991     38.0283    236.99894     38.02349     0      0.05034      0.13244      0.00000        11.44         4.06 3A     4  2016
   236.993     38.0328    237.00325     38.03188     0      0.09339      0.13513      0.05165        12.52         6.06 3A     4  2016
   236.995     38.0373    237.00509     38.03611     0      0.08930      0.12385      0.05475        17.05         5.91 3A     4  2016
   236.997     38.0417    237.00702     38.04038     0      0.08421      0.10504      0.06338        12.50         6.00 3A     4  2016
   237.005     38.0595    237.01486     38.05728     0      0.04292      0.12020      0.00000        17.38         3.48 3A     4  2016
   237.008     38.0640    237.01695     38.06150     0      0.13621      0.19683      0.07559        21.33         6.84 3A     4  2016
   237.009     38.0685    237.01873     38.06581     0      0.10945      0.17487      0.04404        20.04         6.13 3A     4  2016
   237.012     38.0730    237.02021     38.07013     0      0.05395      0.12566      0.00000        15.79         5.91 3A     4  2016
   237.014     38.0775    237.02254     38.07432     0      0.06141      0.09374      0.02907        12.97         4.24 3A     4  2016
   237.021     38.0957    237.03062     38.09304     0      0.05154      0.12526      0.00000         9.13         3.04 3A     4  2016
   237.029     38.1139    237.03749     38.11116     0      0.04136      0.11817      0.00000         9.04         4.15 3A     4  2016
   237.035     38.1326    237.04475     38.13101     0      0.06283      0.14519      0.00000        16.39         4.89 3A     4  2016
   237.039     38.1520    237.04990     38.15209     0      0.07284      0.13542      0.01026         9.30         3.42 3A     4  2016
   236.997     38.2463    237.02937     38.23786     0      0.07738      0.18026      0.00000        11.14         3.58 3A     4  2016
   236.999     38.2510    237.03113     38.24644     0      0.11001      0.20148      0.01855        11.60         3.56 3A     4  2016
   236.973     38.2886    236.97546     38.31011     0      0.08814      0.12131      0.05497        17.60         5.58 3A     4  2016
   236.968     38.2884    236.95941     38.31359     0      0.05683      0.12158      0.00000         4.27         1.53 3A     4  2016
   236.916     38.3364    236.92877     38.33001     0      0.04670      0.11161      0.00000         9.28         3.98 3A     4  2016
   236.917     38.3461    236.93130     38.34302     0      0.04811      0.12438      0.00000        12.96         4.46 3A     4  2016
   236.918     38.3510    236.93181     38.35022     0      0.07738      0.18488      0.00000         8.89         4.24 3A     4  2016
   236.917     38.3559    236.93185     38.35646     0      0.02552      0.15527      0.00000        14.48         2.57 3A     4  2016
   236.894     38.3928    236.90316     38.39907     0      0.06026      0.12505      0.00000         9.49         8.47 3A     4  2016
