%USGS SPCMSC mean beach slope derived from lidar surveys from 1999-2018, dunes from 2016 and 2018 in LMSL, ver 1 Compiled 8/25/22  
%iso_lon %iso_lat %sl_lon %sl_lat %slope %95_up %95_low  dhigh   dlow month year
263.669 28.2769 263.612 28.3753 0.0114 0.0181 0.0047 2.3900 1.5276  7 2016
263.661 28.2717 263.605 28.3650 0.0138 0.0277 0.0010 1.6486 1.4519  7 2016
263.653 28.2661 263.597 28.3545 0.0258 0.0646 0.0010 1.9901 0.9915  7 2016
263.645 28.2606 263.588 28.3446 0.0668 0.1324 0.0012 1.8371 0.9603  7 2016
263.637 28.2548 263.579 28.3357 0.0220 0.0444 0.0010 3.1492 1.3562  7 2016
263.629 28.2486 263.569 28.3274 0.0444 0.0811 0.0076 1.9640 1.2450  7 2016
263.622 28.2425 263.559 28.3201 0.2823 2.1215 0.0010 2.1983 1.2790  7 2016
263.614 28.2367 263.548 28.3134 0.0366 0.0750 0.0010 2.2000 1.4653  7 2016
263.606 28.2308 263.536 28.3073 0.0251 0.0452 0.0051 3.4368 2.0220  7 2016
263.599 28.2248 263.525 28.3024 0.0287 0.0363 0.0211 1.9413 1.4396  7 2016
263.591 28.2188 263.517 28.2988 0.0243 0.0382 0.0103 2.1398 1.4471  7 2016
263.584 28.2122 263.503 28.2934 0.0206 0.0300 0.0112 2.5971 1.4750  1 2018
263.579 28.2046 263.495 28.2898 0.0185 0.0332 0.0038 2.3882 1.3682  1 2018
263.574 28.1967 263.487 28.2863 0.0211 0.0392 0.0030 2.5179 1.5196  1 2018
263.568 28.1892 263.478 28.2830 0.0201 0.0229 0.0174 2.2857 1.6609  1 2018
263.546 28.1707 263.456 28.2720 0.0196 0.0236 0.0155 2.4671 1.6217  1 2018
263.539 28.1643 263.448 28.2681 0.0199 0.0315 0.0083 2.4970 1.3801  1 2018
263.532 28.1579 263.441 28.2642 0.0163 0.0184 0.0141 2.7899 1.5013  1 2018
263.524 28.1517 263.433 28.2601 0.0211 0.0327 0.0094 4.4037 1.5737  1 2018
263.516 28.1460 263.426 28.2563 0.0161 0.0231 0.0091 3.2745 1.6485  1 2018
263.509 28.1404 263.418 28.2519 0.0212 0.0366 0.0059 3.7813 1.6321  1 2018
263.501 28.1345 263.414 28.2498 0.0197 0.0208 0.0185 4.0833 1.5685  1 2018
263.493 28.1284 263.406 28.2450 0.0260 0.0377 0.0144 3.8960 1.4427  1 2018
263.486 28.1221 263.398 28.2404 0.0282 0.0410 0.0154 3.0528 1.5130  1 2018
263.479 28.1158 263.390 28.2358 0.0283 0.0458 0.0108 2.9316 1.5069  1 2018
263.471 28.1098 263.379 28.2298 0.0225 0.0373 0.0077 3.0625 1.6421  1 2018
263.463 28.1039 263.372 28.2249 0.0222 0.0368 0.0075 3.0164 1.5413  1 2018
263.455 28.0983 263.364 28.2203 0.0243 0.0357 0.0129 2.5822 1.5218  1 2018
263.447 28.0930 263.356 28.2156 0.0267 0.0404 0.0130 2.6991 1.5781  1 2018
263.439 28.0881 263.349 28.2107 0.0209 0.0298 0.0120 2.6590 1.6972  1 2018
263.430 28.0833 263.337 28.2034 0.0195 0.0292 0.0097 2.8019 1.6070  1 2018
263.423 28.0774 263.330 28.1986 0.0213 0.0313 0.0114 2.8058 1.6354  1 2018
263.416 28.0708 263.323 28.1937 0.0194 0.0335 0.0052 2.6807 1.8347  1 2018
263.408 28.0644 263.315 28.1885 0.0221 0.0327 0.0115 2.6745 1.6290  1 2018
263.401 28.0583 263.304 28.1813 0.0205 0.0301 0.0109 2.7124 1.5300  1 2018
263.393 28.0528 263.297 28.1766 0.0240 0.0378 0.0103 4.7942 1.7378  1 2018
263.385 28.0474 263.287 28.1692 0.0223 0.0381 0.0065 3.2451 1.5077  1 2018
263.378 28.0409 263.279 28.1641 0.0216 0.0327 0.0106 3.4160 1.4930  1 2018
263.372 28.0338 263.272 28.1589 0.0233 0.0388 0.0077 3.1719 1.5292  1 2018
263.364 28.0281 263.265 28.1538 0.0207 0.0372 0.0042 3.4918 1.4515  1 2018
263.356 28.0230 263.258 28.1484 0.0195 0.0328 0.0063 3.2397 1.5335  1 2018
263.347 28.0175 263.250 28.1430 0.0202 0.0330 0.0074 3.4987 1.5026  1 2018
263.340 28.0111 263.243 28.1377 0.0204 0.0305 0.0103 4.4536 1.5728  1 2018
263.333 28.0049 263.236 28.1323 0.0222 0.0369 0.0075 3.4845 1.4871  1 2018
263.325 27.9990 263.229 28.1270 0.0241 0.0375 0.0107 3.6094 1.5100  1 2018
263.317 27.9941 263.222 28.1218 0.0234 0.0427 0.0040 3.8863 1.5585  1 2018
263.309 27.9886 263.215 28.1164 0.0203 0.0358 0.0048 4.0913 1.5311  1 2018
263.301 27.9827 263.204 28.1078 0.0147 0.0288 0.0006 3.7028 1.4253  1 2018
263.293 27.9773 263.197 28.1022 0.0189 0.0322 0.0055 4.3948 1.4585  1 2018
263.285 27.9718 263.190 28.0966 0.0181 0.0298 0.0063 2.7466 1.5045  1 2018
263.277 27.9660 263.183 28.0907 0.0224 0.0385 0.0063 4.2275 1.5275  1 2018
263.270 27.9596 263.176 28.0848 0.0223 0.0378 0.0067 6.3223 1.5028  1 2018
263.264 27.9527 263.165 28.0761 0.0228 0.0313 0.0144 4.8999 1.5455  1 2018
263.256 27.9464 263.157 28.0703 0.0204 0.0326 0.0082 3.4398 1.7105  1 2018
263.248 27.9407 263.151 28.0650 0.0238 0.0355 0.0121 2.2578 1.0185  1 2018
263.233 27.9294 263.139 28.0540 0.0211 0.0344 0.0079 2.1725 1.4174  1 2018
263.225 27.9241 263.129 28.0455 0.0227 0.0310 0.0145 5.0591 1.5174  1 2018
263.217 27.9179 263.123 28.0396 0.0214 0.0333 0.0096 5.3888 1.5904  1 2018
263.209 27.9122 263.116 28.0338 0.0192 0.0258 0.0125 5.3050 1.4325  1 2018
263.202 27.9059 263.109 28.0278 0.0215 0.0307 0.0124 5.3008 1.5247  1 2018
263.195 27.8994 263.100 28.0188 0.0238 0.0357 0.0120 4.9517 1.4852  1 2018
263.188 27.8934 263.094 28.0129 0.0236 0.0414 0.0058 5.3494 1.3489  1 2018
263.179 27.8880 263.084 28.0040 0.0185 0.0288 0.0082 5.1050 1.4312  1 2018
263.171 27.8828 263.078 27.9982 0.0182 0.0260 0.0103 4.9813 1.3913  1 2018
263.163 27.8773 263.070 27.9891 0.0183 0.0292 0.0073 5.5287 1.3589  1 2018
263.155 27.8714 263.063 27.9829 0.0223 0.0343 0.0102 4.4773 1.3765  1 2018
263.148 27.8649 263.057 27.9764 0.0229 0.0330 0.0128 5.8748 1.2676  1 2018
263.142 27.8581 263.048 27.9675 0.0203 0.0301 0.0104 5.2687 1.3349  1 2018
263.135 27.8514 263.043 27.9611 0.0190 0.0291 0.0090 5.5717 1.3258  1 2018
263.128 27.8446 263.034 27.9519 0.0312 0.0371 0.0253 7.4891 1.5384  1 2018
263.121 27.8386 263.028 27.9451 0.0268 0.0426 0.0109 3.9593 1.3428  1 2018
263.113 27.8328 263.022 27.9385 0.0250 0.0460 0.0039 3.9178 1.4640  1 2018
263.106 27.8265 263.014 27.9283 0.0232 0.0421 0.0042 3.5955 1.4588  1 2018
263.098 27.8208 263.008 27.9216 0.0227 0.0311 0.0144 3.3617 1.5814  1 2018
263.090 27.8151 262.999 27.9115 0.0180 0.0245 0.0115 5.4154 2.0810  1 2018
263.083 27.8085 262.991 27.9013 0.0175 0.0310 0.0039 2.0167 1.4699  1 2018
263.077 27.8017 262.986 27.8942 0.0162 0.0264 0.0061 3.6749 1.6573  1 2018
263.070 27.7949 262.978 27.8836 0.0185 0.0308 0.0063 2.1498 1.6309  1 2018
263.064 27.7879 262.971 27.8728 0.0172 0.0277 0.0067 3.5496 1.6880  1 2018
263.057 27.7809 262.966 27.8655 0.0172 0.0273 0.0071 3.4809 1.6565  1 2018
263.051 27.7741 262.959 27.8538 0.0282 0.0478 0.0086 3.2104 1.8423  1 2018
263.044 27.7670 262.954 27.8413 0.0325 0.0565 0.0085 2.3175 1.4498  1 2018
263.039 27.7595 262.952 27.8329 0.0172 0.0277 0.0066 5.1986 1.4166  1 2018
263.034 27.7516 262.942 27.8238 0.0270 0.0505 0.0035 5.3987 1.4405  1 2018
263.029 27.7437 262.936 27.8173 0.0215 0.0428 0.0002 4.8922 1.5236  1 2018
263.022 27.7377 262.930 27.8107 0.0208 0.0353 0.0062 5.1265 1.5111  1 2018
263.015 27.7311 262.921 27.8004 0.0200 0.0378 0.0022 6.7175 1.4531  1 2018
263.009 27.7240 262.915 27.7938 0.0187 0.0320 0.0054 6.3138 1.6153  1 2018
263.003 27.7164 262.910 27.7869 0.0229 0.0459 0.0010 7.2483 1.3042  1 2018
262.999 27.7084 262.904 27.7799 0.0313 0.0625 0.0002 7.4638 1.3729  1 2018
262.994 27.7005 262.896 27.7693 0.0416 0.0695 0.0137 5.0721 1.4190  1 2018
262.988 27.6929 262.890 27.7620 0.0409 0.0629 0.0189 5.5167 1.4288  1 2018
262.983 27.6854 262.885 27.7545 0.0423 0.0625 0.0221 4.4753 1.5631  1 2018
262.978 27.6775 262.880 27.7474 0.0505 0.0719 0.0291 6.3359 1.3586  1 2018
262.973 27.6695 262.875 27.7402 0.0520 0.0668 0.0371 6.1795 1.4207  1 2018
262.968 27.6617 262.870 27.7331 0.0615 0.0874 0.0357 4.9932 1.5726  1 2018
262.962 27.6544 262.865 27.7259 0.0570 0.0768 0.0372 6.4778 1.6802  1 2018
262.955 27.6478 262.860 27.7185 0.0630 0.0820 0.0440 6.0755 2.0316  1 2018
262.949 27.6409 262.852 27.7075 0.0513 0.0707 0.0319 4.6570 1.5020  1 2018
262.943 27.6334 262.847 27.7001 0.0448 0.0620 0.0276 5.3197 1.7686  1 2018
262.938 27.6255 262.843 27.6927 0.0435 0.0610 0.0259 4.8233 2.1055  1 2018
262.933 27.6177 262.838 27.6856 0.0487 0.0597 0.0377 4.8230 2.0101  1 2018
262.929 27.6096 262.832 27.6749 0.0498 0.0721 0.0274 3.8176 1.5818  1 2018
262.924 27.6015 262.827 27.6678 0.0481 0.0667 0.0294 5.2572 1.5485  1 2018
262.919 27.5940 262.821 27.6572 0.0412 0.0628 0.0196 4.4486 1.7540  1 2018
262.913 27.5863 262.816 27.6494 0.0451 0.0524 0.0378 5.8762 2.3520  1 2018
262.908 27.5788 262.812 27.6420 0.0495 0.0651 0.0340 6.4037 1.8644  1 2018
262.902 27.5712 262.805 27.6315 0.0259 0.0362 0.0155 6.2269 2.4496  1 2018
262.898 27.5632 262.802 27.6253 0.0477 0.0834 0.0119 5.3604 2.5060  1 2018
262.883 27.5397 262.788 27.5993 0.0703 0.1640 0.0010 3.6781 1.8383  1 2018
262.878 27.5316 262.783 27.5888 0.0522 0.0696 0.0348 5.7830 1.7683  1 2018
262.874 27.5236 262.779 27.5817 0.0289 0.0447 0.0132 6.1915 1.7494  1 2018
262.868 27.5160 262.774 27.5709 0.0509 0.0720 0.0298 4.2322 1.7784  1 2018
262.863 27.5081 262.770 27.5637 0.0591 0.0933 0.0249 4.6604 1.6114  1 2018
262.859 27.4999 262.766 27.5564 0.0490 0.0643 0.0337 5.3553 1.7339  1 2018
262.855 27.4918 262.760 27.5456 0.0263 0.0388 0.0139 5.8716 2.3518  1 2018
262.850 27.4838 262.757 27.5388 0.0514 0.0755 0.0273 5.3905 2.3037  1 2018
262.845 27.4759 262.751 27.5280 0.0452 0.0527 0.0376 6.1568 2.1446  1 2018
262.840 27.4680 262.748 27.5207 0.0411 0.0481 0.0340 5.2606 2.0527  1 2018
262.836 27.4600 262.744 27.5126 0.0418 0.0481 0.0355 6.5402 1.9998  1 2018
262.831 27.4518 262.738 27.5012 0.0402 0.0455 0.0349 5.5670 2.1564  1 2018
262.827 27.4437 262.734 27.4942 0.0441 0.0528 0.0354 5.5415 2.1829  1 2018
262.823 27.4355 262.729 27.4835 0.0430 0.0527 0.0333 5.7093 2.1730  1 2018
262.819 27.4273 262.726 27.4763 0.0360 0.0499 0.0221 5.9517 1.9173  1 2018
262.814 27.4191 262.720 27.4643 0.0338 0.0449 0.0228 6.7525 2.0153  1 2018
262.810 27.4109 262.716 27.4561 0.0362 0.0500 0.0225 5.3262 1.8691  1 2018
262.806 27.4026 262.713 27.4481 0.0345 0.0435 0.0255 8.3769 1.9849  1 2018
262.802 27.3942 262.708 27.4367 0.0339 0.0442 0.0236 4.9237 1.8295  1 2018
262.798 27.3860 262.704 27.4295 0.0352 0.0510 0.0193 7.1611 2.0320  1 2018
262.794 27.3777 262.701 27.4218 0.0359 0.0478 0.0240 6.3225 1.8125  1 2018
262.790 27.3693 262.696 27.4102 0.0462 0.0622 0.0302 9.3693 2.1290  1 2018
262.787 27.3609 262.693 27.4030 0.0435 0.0550 0.0319 5.2038 2.2571  1 2018
262.783 27.3526 262.689 27.3916 0.0343 0.0531 0.0154 5.4482 1.8817  1 2018
262.779 27.3441 262.686 27.3839 0.0447 0.0620 0.0274 6.9644 2.2029  1 2018
262.776 27.3355 262.683 27.3761 0.0476 0.0588 0.0365 7.9327 2.0286  1 2018
262.773 27.3269 262.679 27.3650 0.0285 0.0484 0.0087 7.2202 1.8079  1 2018
262.769 27.3186 262.675 27.3536 0.0534 0.0712 0.0356 5.6608 1.9358  1 2018
262.765 27.3103 262.673 27.3467 0.0461 0.0760 0.0163 5.6442 2.1923  1 2018
262.762 27.3018 262.669 27.3357 0.0303 0.0503 0.0103 5.7888 2.0779  1 2018
262.758 27.2934 262.665 27.3236 0.0386 0.0583 0.0188 6.3763 1.7745  1 2018
262.755 27.2851 262.663 27.3163 0.0599 0.0786 0.0412 8.6196 2.6104  1 2018
262.752 27.2764 262.660 27.3052 0.0471 0.0585 0.0357 6.2401 2.0685  1 2018
262.750 27.2675 262.656 27.2941 0.0644 0.1009 0.0279 6.5867 2.8798  1 2018
262.748 27.2587 262.654 27.2867 0.0615 0.0751 0.0479 6.8869 2.6700  1 2018
262.745 27.2499 262.651 27.2741 0.0533 0.0719 0.0347 7.4583 2.5528  1 2018
