%Beach characteristics derived from lidar surveys, compiled by USGS PCMSC on February 20, 2026
%iso_lon    %iso_lat    %sl_lon    %sl_lat    %dom_runup    %slope    %95_up  %95_low    %dhigh    %dlow    %esi    %month    %year
   241.712     33.6977    241.71707     33.70915     0      0.07980      0.63699      0.00000         3.77         2.04 3A     4  2016
   241.574     33.8751    241.58882     33.88021     0      0.04441      0.05742      0.03140         7.52         5.88 3A     4  2016
   241.571     33.8794    241.58588     33.88599     0      0.05091      0.06727      0.03455         7.59         5.37 3A     4  2016
   241.567     33.8831    241.58236     33.89258     0      0.05669      0.06721      0.04616         8.04         5.69 3A     4  2016
   241.563     33.8868    241.58041     33.89679     0      0.04684      0.05594      0.03774         7.99         4.62 3A     4  2016
   241.546     33.9119    241.56989     33.91657     0      0.03883      0.05190      0.02576         5.18         4.17 3A     4  2016
   241.544     33.9167    241.56738     33.92156     0      0.05009      0.06911      0.03106        11.12         4.93 3A     4  2016
   241.542     33.9213    241.56317     33.92985     0      0.06423      0.09000      0.03845        10.57         6.07 3A     4  2016
   241.535     33.9355    241.55916     33.93822     0      0.04213      0.07104      0.01323        15.84         7.18 3A     4  2016
   241.499     33.9803    241.51829     33.99239     0      0.01600      0.13888      0.00000         4.93         3.46 3A     4  2016
   241.462     34.0091    241.47243     34.03098     0      0.08215      0.12503      0.03926         5.85         4.24 3A     4  2016
   241.457     34.0111    241.46769     34.03312     0      0.08636      0.12176      0.05096         6.09         3.95 3A     4  2016
   241.447     34.0126    241.45715     34.03775     0      0.05740      0.10416      0.01063         5.99         4.86 3A     4  2016
   241.428     34.0204    241.43671     34.04067     0      0.15490      0.22121      0.08858         8.45         4.56 3A     4  2016
   241.324     34.0233    241.32159     34.03492     0      0.07196      0.18129      0.00000         6.17         2.50 3A     4  2016
   241.267     34.0227    241.26733     34.03301     0      0.14827      0.25188      0.04465         8.93         3.20 3A     4  2016
   241.261     34.0231    241.26081     34.03298     0      0.15249      0.28784      0.01714        11.82         3.75 3A     4  2016
   241.187     33.9976    241.18905     34.00380     0      0.09384      0.26860      0.00000         7.92         5.33 3A     4  2016
   241.179     34.0038    241.18434     34.00874     0      0.09252      0.17931      0.00572         6.27         3.81 3A     4  2016
   241.175     34.0074    241.18231     34.01086     0      0.08270      0.12950      0.00000         5.82         5.61 3A     4  2016
   241.166     34.0140    241.17292     34.01831     0      0.11685      0.16824      0.06547         3.19         2.24 3A     4  2016
   241.153     34.0217    241.15802     34.02877     0      0.04333      0.16205      0.00000         5.07         3.18 3A     4  2016
   240.965     34.0661    240.97010     34.07971     0      0.05279      0.14723      0.00000         5.06         3.87 3A     4  2016
   240.918     34.0856    240.92615     34.09265     0      0.08294      0.13244      0.03343         3.56         1.67 3A     4  2016
   240.914     34.0891    240.92158     34.09510     0      0.11033      0.13548      0.08519         3.45         1.60 3A     4  2016
   240.904     34.0904    240.90080     34.09965     0      0.03451      0.05877      0.01175         2.56         1.89 3A     4  2016
   240.878     34.0874    240.88050     34.09771     0      0.05651      0.15516      0.00000         4.74         2.52 3A     4  2016
   240.873     34.0883    240.87172     34.10061     0      0.08896      0.13665      0.04128         3.93         1.67 3A     4  2016
   240.868     34.0882    240.86727     34.10300     0      0.11744      0.14348      0.09141         5.66         1.67 3A     4  2016
   240.848     34.0936    240.85368     34.11032     0      0.05521      0.13091      0.00000         5.12         2.95 3A     4  2016
   240.838     34.0963    240.84531     34.11611     0      0.04516      0.12646      0.00000         5.30         2.40 3A     4  2016
   240.828     34.1000    240.84094     34.11878     0      0.07808      0.15728      0.00000         4.26         2.59 3A     4  2016
   240.823     34.1023    240.83578     34.12199     0      0.06100      0.11389      0.00810         4.92         3.02 3A     4  2016
   240.814     34.1078    240.83160     34.12488     0      0.05215      0.08447      0.01983         4.05         3.03 3A     4  2016
   240.806     34.1147    240.82839     34.12730     0      0.04658      0.08070      0.01246         4.66         1.95 3A     4  2016
   240.802     34.1177    240.81482     34.13623     0      0.05941      0.10948      0.00934         3.88         2.33 3A     4  2016
   240.797     34.1202    240.81140     34.13825     0      0.02420      0.07715      0.00000         3.87         2.04 3A     4  2016
   240.785     34.1316    240.80864     34.13971     0      0.01720      0.06967      0.00000         5.36         1.60 3A     4  2016
   240.742     34.1427    240.75945     34.18116     0      0.03056      0.06658      0.00000         9.01         3.51 3A     4  2016
   240.727     34.1464    240.75199     34.19519     0      0.04527      0.09941      0.00000         5.19         3.96 3A     4  2016
   240.688     34.2001    240.74317     34.21166     0      0.11075      0.14332      0.06086         5.45         4.34 3A     4  2016
   240.687     34.2385    240.73594     34.22869     0      0.15452      0.21287      0.09617         4.04         1.59 3A     4  2016
   240.687     34.2438    240.72882     34.25615     0      0.08920      0.12795      0.05044         4.43         2.91 3A     4  2016
   240.682     34.2523    240.71903     34.26906     0      0.05323      0.09269      0.01378         6.99         3.74 3A     4  2016
   240.675     34.2604    240.69480     34.27332     0      0.04285      0.15482      0.00000         4.55         1.83 3A     4  2016
   240.510     34.3700    240.51976     34.37589     0      0.09884      0.14446      0.05323        17.79         2.25 3A     4  2016
   240.481     34.3824    240.48123     34.38920     0      0.06054      0.44835      0.00000         4.42         2.37 3A     4  2016
   240.471     34.3854    240.47700     34.39203     0      0.04365      0.06875      0.01856         4.98         1.74 3A     4  2016
   240.466     34.3865    240.47152     34.39499     0      0.09015      0.14504      0.03526         4.33         1.70 3A     4  2016
   240.332     34.4026    240.32362     34.41511     0      0.03793      0.06823      0.00763         3.43         1.89 3A     4  2016
   240.327     34.4002    240.31937     34.41407     0      0.01389      0.03839      0.00000         3.73         1.61 3A     4  2016
   240.302     34.3882    240.30378     34.40246     0      0.04988      0.08743      0.01234         3.27         1.66 3A     4  2016
   240.166     34.4013    240.16575     34.41623     0      0.07973      0.16749      0.00000         3.76         1.29 3A     4  2016
   240.106     34.4094    240.11522     34.41364     0      0.04819      0.09074      0.00564        10.91         2.66 3A     4  2016
   239.775     34.4558    239.77201     34.47081     0      0.04089      0.44717      0.00000         2.54         1.96 3A     4  2016
   239.693     34.4610    239.69403     34.46700     0      0.06552      0.12728      0.00376         4.04         2.55 3A     4  2016
   239.490     34.5047    239.49777     34.51019     0      0.06863      0.08005      0.02542         5.68         3.80 3A     4  2016
   239.367     34.6533    239.38158     34.65120     0      0.07948      0.14009      0.01887        22.27         5.58 3A     4  2016
   239.369     34.6581    239.38334     34.65547     0      0.07964      0.11919      0.04010        30.09         4.06 3A     4  2016
   239.370     34.6682    239.38909     34.67000     0      0.09297      0.12339      0.06255         8.67         3.19 3A     4  2016
   239.371     34.6920    239.39336     34.68302     0      0.06315      0.10467      0.02162        15.58         3.33 3A     4  2016
   239.373     34.6968    239.39549     34.69002     0      0.06596      0.10053      0.03140         7.65         3.20 3A     4  2016
   239.375     34.7014    239.39768     34.69881     0      0.09503      0.12932      0.06075         7.99         4.19 3A     4  2016
   239.353     34.7809    239.36989     34.77585     0      0.10301      0.14717      0.05885        11.43         5.00 3A     4  2016
   239.355     34.7860    239.37288     34.78358     0      0.04137      0.09991      0.00000         6.16         2.75 3A     4  2016
   239.364     34.7976    239.37498     34.78772     0      0.08738      0.12346      0.05129         6.74         3.75 3A     4  2016
   239.368     34.8068    239.38054     34.80512     0      0.05586      0.09574      0.01598         6.42         3.20 3A     4  2016
   239.370     34.8173    239.38293     34.81392     0      0.09991      0.12436      0.07546         8.01         3.78 3A     4  2016
   239.370     34.8331    239.38708     34.83159     0      0.05572      0.08799      0.02345         7.56         3.19 3A     4  2016
   239.370     34.8384    239.38926     34.84041     0      0.11452      0.16179      0.06726         7.74         4.00 3A     4  2016
   239.369     34.8437    239.38959     34.84488     0      0.03725      0.09236      0.00000         8.78         2.80 3A     4  2016
   239.369     34.8490    239.38956     34.85379     0      0.03885      0.07383      0.00388        10.45         2.67 3A     4  2016
   239.319     34.9134    239.33480     34.91867     0      0.06538      0.09154      0.03923        29.44         6.15 3A     4  2016
   239.318     34.9186    239.33602     34.92303     0      0.07641      0.10687      0.04596        29.89         5.66 3A     4  2016
   239.323     34.9489    239.34128     34.94274     0      0.06577      0.11387      0.01768        19.30         6.29 3A     4  2016
   239.329     34.9692    239.34856     34.96532     0      0.07721      0.17878      0.00000         6.90         3.44 3A     4  2016
   239.334     34.9841    239.35499     34.98423     0      0.09059      0.15450      0.02668         6.40         2.93 3A     4  2016
   239.341     35.0149    239.36119     35.00781     0      0.05756      0.11374      0.00137         5.71         2.75 3A     4  2016
   239.344     35.0249    239.36378     35.01934     0      0.07912      0.13263      0.02562        12.84         4.61 3A     4  2016
   239.348     35.0402    239.36718     35.04153     0      0.06756      0.12468      0.00000         9.64         6.36 3A     4  2016
   239.351     35.0822    239.37023     35.08180     0      0.04413      0.07150      0.01675         7.96         4.11 3A     4  2016
   239.351     35.0921    239.36988     35.09080     0      0.04562      0.08552      0.00573         8.83         3.90 3A     4  2016
   239.345     35.1171    239.36284     35.12608     0      0.04521      0.07677      0.01365         6.10         1.92 3A     4  2016
   239.341     35.1210    239.36111     35.13032     0      0.01811      0.04954      0.00000         7.11         2.39 3A     4  2016
   239.248     35.1500    239.24538     35.17461     0      0.04570      0.10541      0.00000         8.05         1.99 3A     4  2016
   239.107     35.2987    239.12140     35.29660     0      0.09692      0.13826      0.05558        29.42         4.92 3A     4  2016
   239.108     35.3039    239.12334     35.30083     0      0.05438      0.10779      0.00097        20.16         1.98 3A     4  2016
   239.113     35.3132    239.12471     35.30516     0      0.04332      0.08173      0.00490        11.21         3.31 3A     4  2016
   239.118     35.3223    239.12976     35.31796     0      0.04911      0.10996      0.00000         6.75         3.15 3A     4  2016
   239.120     35.3273    239.13245     35.32672     0      0.04577      0.07550      0.01604         7.46         3.15 3A     4  2016
   239.123     35.3428    239.13575     35.33991     0      0.04296      0.06669      0.01922         5.50         3.48 3A     4  2016
   239.123     35.3481    239.13721     35.34880     0      0.04092      0.07291      0.00893         5.93         3.49 3A     4  2016
   239.123     35.3534    239.13790     35.35331     0      0.07348      0.10329      0.04368         8.79         1.96 3A     4  2016
   239.121     35.3745    239.13560     35.37684     0      0.00695      0.04448      0.00000         4.65         1.43 3A     4  2016
   239.120     35.3850    239.13475     35.38580     0      0.02786      0.04454      0.01118         6.27         3.15 3A     4  2016
   239.118     35.3954    239.13297     35.39461     0      0.02843      0.03649      0.02036         5.79         2.18 3A     4  2016
   239.109     35.4081    239.12183     35.41959     0      0.03625      0.06149      0.01102         6.61         2.41 3A     4  2016
   239.105     35.4117    239.11944     35.42360     0      0.05113      0.10255      0.00000         9.76         2.52 3A     4  2016
   239.097     35.4183    239.11103     35.43514     0      0.05441      0.13680      0.00000         3.96         1.74 3A     4  2016
   239.092     35.4206    239.10355     35.44167     0      0.04670      0.11768      0.00000         8.35         2.26 3A     4  2016
   239.024     35.4465    239.03341     35.45885     0      0.11640      0.19082      0.04198         5.09         3.77 3A     4  2016
   238.779     35.6337    238.78664     35.64763     0      0.05797      0.11039      0.00555         9.10         2.38 3A     4  2016
   238.707     35.6658    238.71494     35.67304     0      0.09132      0.19242      0.00000         7.12         4.97 3A     4  2016
   238.682     35.7050    238.69049     35.70895     0      0.06022      0.50046      0.00000         4.82         1.62 3A     4  2016
   238.672     35.7507    238.68285     35.75517     0      0.10970      0.17057      0.04883        23.04         3.38 3A     4  2016
   238.668     35.7606    238.67554     35.76439     0      0.09096      0.20022      0.00000         3.51         2.58  4     4  2016
