%Beach characteristics derived from lidar surveys, compiled by USGS PCMSC on February 20, 2026
%iso_lon    %iso_lat    %sl_lon    %sl_lat    %dom_runup    %slope    %95_up  %95_low    %dhigh    %dlow    %esi    %month    %year
   242.840     32.5343    242.87610     32.53521     0      0.10697      0.19007      0.02388         5.38         3.93 3A     4  2016
   242.838     32.5385    242.87125     32.55449     0      0.10639      0.20625      0.00653         3.05         1.66 3A     4  2016
   242.832     32.5564    242.86846     32.55930     0      0.05256      0.12231      0.00000         6.00         3.40 3A     4  2016
   242.831     32.5611    242.86746     32.56392     0      0.07890      0.12902      0.02877         5.27         3.76 3A     4  2016
   242.829     32.5756    242.86694     32.58201     0      0.09772      0.13809      0.05735         3.40         1.66 3A     4  2016
   242.829     32.5803    242.86728     32.59099     0      0.05218      0.07549      0.02887         4.14         1.61 3A     4  2016
   242.827     32.5849    242.86713     32.59459     0      0.05942      0.09683      0.02201         5.07         2.31 3A     4  2016
   242.826     32.5895    242.86677     32.59997     0      0.07886      0.12802      0.02970         6.06         2.12 3A     4  2016
   242.823     32.6038    242.86625     32.60438     0      0.13339      0.18679      0.07999         5.08         1.71 3A     4  2016
   242.823     32.6086    242.86505     32.61064     0      0.06963      0.09352      0.04575         4.81         1.87 3A     4  2016
   242.823     32.6134    242.86449     32.61327     0      0.07771      0.10310      0.05231         4.38         1.74 3A     4  2016
   242.822     32.6182    242.86205     32.62201     0      0.07546      0.10401      0.04692         4.92         2.69 3A     4  2016
   242.821     32.6229    242.85681     32.63479     0      0.14443      0.24989      0.03865         3.81         2.34 3A     4  2016
   242.815     32.6306    242.84523     32.65492     0      0.05799      0.09129      0.02469         3.84         1.70 3A     4  2016
   242.811     32.6330    242.83661     32.66619     0      0.08086      0.14469      0.01704         5.38         2.49 3A     4  2016
   242.807     32.6353    242.80412     32.68620     0      0.02416      0.04281      0.00551         4.01         2.21 3A     4  2016
   242.770     32.6352    242.78633     32.68702     0      0.02750      0.04590      0.00910         3.03         1.22 3A     4  2016
   242.765     32.6364    242.78222     32.68607     0      0.04669      0.05902      0.03437         3.03         1.07 3A     4  2016
   242.727     32.7555    242.74727     32.75170     0      0.06903      0.10337      0.03469         3.87         2.45 3A     4  2016
   242.723     32.7884    242.74232     32.79723     0      0.05965      0.08824      0.03106         8.59         2.45 3A     4  2016
   242.708     33.0012    242.72161     33.00180     0      0.07405      0.17435      0.00000         2.76         1.31 3A     4  2016
   242.644     33.1407    242.65463     33.14582     0      0.18369      0.28467      0.08270         4.16         2.87 3A     4  2016
   242.570     33.2020    242.60150     33.21048     1      0.16577      0.23474      0.09679         1.17         5.79 6A     4  2016
   242.566     33.2058    242.59149     33.22109     0      0.01865      0.02141      0.01589         4.03         2.47 3A     4  2016
   242.536     33.2433    242.56123     33.25818     0      0.02770      0.03814      0.01726         6.14         2.45 3A     4  2016
   242.505     33.2735    242.53346     33.29139     0      0.04447      0.06200      0.02695         3.94         2.08 3A     4  2016
   242.501     33.2769    242.53039     33.29500     0      0.05409      0.10158      0.00660         6.93         3.43 3A     4  2016
   242.401     33.3592    242.42476     33.38045     0      0.12485      0.17527      0.07443         3.70         2.05 3A     4  2016
   242.385     33.3769    242.40339     33.38751     0      0.07324      0.12707      0.01941         8.40         5.42 3A     4  2016
   242.375     33.3880    242.39714     33.39998     0      0.12504      0.16206      0.08802         7.64         2.92 3A     4  2016
   242.308     33.4405    242.32009     33.46132     0      0.15743      0.26282      0.05204         4.89         1.61 3A     4  2016
   242.265     33.4777    242.27536     33.48086     0      0.06419      0.21146      0.00000        10.37         2.08 3A     4  2016
   242.159     33.5663    242.16496     33.56858     0      0.09974      0.18648      0.01301         6.96         3.52 2A     4  2016
   242.112     33.5901    242.11242     33.59518     0      0.05635      0.10798      0.00472         5.13         4.52 3A     4  2016
   242.079     33.5959    242.08112     33.60461     0      0.11787      0.15834      0.07371         4.22         3.15 3A     4  2016
   241.921     33.6637    241.95118     33.69498     0      0.06143      0.12733      0.00000         4.86         4.16 3A     4  2016
   241.917     33.6665    241.94405     33.70294     0      0.07867      0.10638      0.05097         4.24         2.54 3A     4  2016
   241.900     33.6743    241.92503     33.71883     0      0.16325      0.28444      0.04206         4.47         1.58 3A     4  2016
   241.873     33.6941    241.91788     33.72573     0      0.13723      0.15595      0.11851         5.08         1.61 3A     4  2016
          