%USGS SPCMSC mean beach slope derived from lidar surveys from 1998-2017, dunes from 2016 and 2017 in LMSL, ver 1 Compiled 8/12/22  
%iso_lon %iso_lat %sl_lon %sl_lat %slope %95_up %95_low  dhigh   dlow month year
265.717 28.9226 265.640 29.5603 0.0293 0.0572 0.0015 1.4842 1.0973  1 2016
265.727 28.9253 265.645 29.5620 0.0414 0.0788 0.0041 1.5869 1.0867  1 2016
265.737 28.9279 265.648 29.5633 0.0384 0.0720 0.0048 1.4238 0.9930  1 2016
265.747 28.9303 265.653 29.5650 0.0331 0.0538 0.0125 1.6285 1.1071  1 2016
265.757 28.9324 265.657 29.5666 0.0308 0.0527 0.0090 1.5323 1.0978  1 2016
265.767 28.9343 265.661 29.5683 0.0404 0.0733 0.0075 1.8671 0.9633  1 2016
265.777 28.9361 265.665 29.5695 0.0379 0.0618 0.0139 1.5839 1.0301  1 2016
265.787 28.9377 265.673 29.5727 0.0368 0.0629 0.0106 1.4735 0.9948  1 2016
265.797 28.9398 265.682 29.5761 0.0351 0.0501 0.0201 1.4641 1.0693  1 2016
265.805 28.9451 265.691 29.5796 0.0331 0.0532 0.0131 1.3836 1.0353  1 2016
265.814 28.9505 265.700 29.5832 0.0463 0.0810 0.0117 1.4660 0.9840  1 2016
265.823 28.9540 265.709 29.5868 0.0486 0.0824 0.0149 1.4175 1.1333  1 2016
265.832 28.9503 265.718 29.5904 0.0433 0.0808 0.0058 1.4669 0.9325  1 2016
265.840 28.9442 265.727 29.5936 0.0462 0.0735 0.0190 1.4235 0.9510  1 2016
265.848 28.9388 265.735 29.5972 0.0370 0.0642 0.0098 1.3159 1.0782  1 2016
265.857 28.9345 265.744 29.6008 0.0506 0.0797 0.0214 1.2704 1.1412  1 2016
265.867 28.9314 265.754 29.6045 0.0389 0.0824 0.0010 1.2447 0.9780  1 2016
265.876 28.9291 265.763 29.6081 0.0350 0.0777 0.0010 1.2441 1.0339  1 2016
265.887 28.9279 265.772 29.6116 0.0374 0.0776 0.0010 1.2264 0.8677  1 2016
265.897 28.9287 265.781 29.6153 0.0392 0.0824 0.0010 1.2717 0.7661  1 2016
265.907 28.9312 265.790 29.6188 0.0419 0.0988 0.0010 1.1951 0.7408  1 2016
265.916 28.9352 265.799 29.6219 0.0319 0.0850 0.0010 1.3104 0.8521  1 2016
265.925 28.9387 265.806 29.6251 0.0377 0.0824 0.0010 1.2108 1.0017  1 2016
265.935 28.9421 265.813 29.6278 0.0379 0.0804 0.0010 1.2662 0.8574  1 2016
265.944 28.9453 265.825 29.6328 0.0318 0.0643 0.0010 1.1651 0.7050  1 2016
265.954 28.9491 265.831 29.6352 0.0290 0.0655 0.0010 1.2026 0.9659  1 2016
265.962 28.9540 265.837 29.6372 0.0436 0.0912 0.0010 1.3700 1.1587  1 2016
265.971 28.9583 265.844 29.6400 0.0294 0.0710 0.0010 1.3514 0.9651  1 2016
265.981 28.9620 265.850 29.6422 0.0301 0.0607 0.0010 1.3288 0.9876  1 2016
265.990 28.9662 265.854 29.6438 0.0239 0.0624 0.0010 1.3444 0.9323  1 2016
265.998 28.9711 265.862 29.6469 0.0338 0.0646 0.0029 1.0505 0.8501  1 2016
266.007 28.9757 265.870 29.6499 0.0348 0.0995 0.0010 1.2736 0.8872  1 2016
266.016 28.9801 265.877 29.6521 0.0339 0.0632 0.0046 1.3848 0.8251  1 2016
266.026 28.9835 265.885 29.6547 0.0267 0.0481 0.0053 1.5748 0.9367  1 2016
266.035 28.9865 265.893 29.6570 0.0347 0.0668 0.0026 1.9599 1.0205  1 2016
266.045 28.9895 265.900 29.6594 0.0329 0.0460 0.0197 2.0589 0.9391  1 2016
266.054 28.9931 265.906 29.6617 0.0287 0.0418 0.0155 1.8180 1.4312  1 2016
266.064 28.9968 265.913 29.6634 0.0262 0.0461 0.0063 1.7892 1.2742  1 2016
266.073 29.0002 265.920 29.6652 0.0172 0.0338 0.0006 1.8412 1.1769  1 2016
266.082 29.0054 265.927 29.6674 0.0187 0.0413 0.0010 1.7450 1.1664  1 2016
266.090 29.0103 265.931 29.6680 0.0158 0.0359 0.0010 1.6394 1.1525  1 2016
266.100 29.0130 265.938 29.6698 0.0157 0.0304 0.0011 1.4931 0.9212  1 2016
266.110 29.0160 265.943 29.6709 0.0141 0.0320 0.0010 1.4973 0.9839  1 2016
266.119 29.0196 265.952 29.6731 0.0187 0.0331 0.0044 1.5207 1.0037  1 2016
266.129 29.0222 265.958 29.6744 0.0164 0.0282 0.0045 1.8386 1.0936  1 2016
266.139 29.0239 265.964 29.6759 0.0184 0.0329 0.0039 1.5214 0.9431  1 2016
266.149 29.0250 265.970 29.6771 0.0201 0.0309 0.0094 1.5332 1.0151  1 2016
266.159 29.0254 265.979 29.6787 0.0214 0.0328 0.0099 1.5533 1.0922  1 2016
266.170 29.0259 265.987 29.6797 0.0182 0.0253 0.0111 1.3414 1.3006  1 2016
266.290 29.0437 266.205 29.7158 0.0224 0.0314 0.0134 1.3675 0.8246  1 2017
266.298 29.0495 266.222 29.7235 0.0222 0.0356 0.0087 1.6277 0.9771  1 2017
266.303 29.0572 266.237 29.7289 0.0231 0.0298 0.0163 1.7276 1.0238  1 2017
266.309 29.0649 266.252 29.7331 0.0370 0.0527 0.0213 1.5453 0.9457  1 2017
266.314 29.0726 266.266 29.7373 0.0259 0.0510 0.0009 2.0657 1.0332  1 2017
266.319 29.0805 266.279 29.7395 0.0334 0.0716 0.0010 1.7371 1.0700  1 2017
266.324 29.0885 266.291 29.7425 0.0314 0.0705 0.0010 2.3573 1.0693  1 2017
266.328 29.0965 266.308 29.7454 0.0209 0.0332 0.0086 2.3435 1.4857  1 2017
266.333 29.1046 266.323 29.7480 0.0206 0.0318 0.0095 2.6308 1.4531  1 2017
266.340 29.1098 266.340 29.7504 0.0233 0.0345 0.0121 2.2724 1.1892  1 2017
266.351 29.1089 266.345 29.7509 0.0249 0.0529 0.0010 2.3562 1.1976  1 2017
266.361 29.1081 266.354 29.7523 0.0252 0.0509 0.0010 2.6906 1.1508  1 2017
266.371 29.1065 266.358 29.7526 0.0322 0.0645 0.0010 2.7422 1.0793  1 2017
266.381 29.1048 266.362 29.7531 0.0371 0.0786 0.0010 2.6258 1.1205  1 2017
266.391 29.1033 266.371 29.7541 0.0293 0.0527 0.0059 2.3039 0.9969  1 2017
266.401 29.1022 266.379 29.7547 0.0344 0.0702 0.0010 1.8677 1.1600  1 2017
266.412 29.1022 266.385 29.7558 0.0368 0.0844 0.0010 2.3783 1.1268  1 2017
266.422 29.1031 266.394 29.7560 0.0344 0.0618 0.0071 2.3570 1.1374  1 2017
266.432 29.1046 266.403 29.7571 0.0366 0.0807 0.0010 2.4086 1.1138  1 2017
266.442 29.1054 266.412 29.7582 0.0286 0.0559 0.0013 2.5701 1.0966  1 2017
266.452 29.1064 266.419 29.7589 0.0265 0.0566 0.0010 1.8085 0.9914  1 2017
266.463 29.1063 266.427 29.7603 0.0247 0.0503 0.0010 1.6339 1.0561  1 2017
266.473 29.1055 266.435 29.7613 0.0273 0.0540 0.0006 2.1332 1.1161  1 2017
266.483 29.1053 266.444 29.7621 0.0388 0.0857 0.0010 2.3375 1.1069  1 2017
266.493 29.1058 266.455 29.7634 0.0235 0.0498 0.0010 2.2278 1.1091  1 2017
266.504 29.1072 266.465 29.7646 0.0407 0.1043 0.0010 1.7650 0.9918  1 2017
266.514 29.1092 266.475 29.7657 0.0478 0.1300 0.0010 1.4683 0.9364  1 2017
266.524 29.1111 266.484 29.7669 0.0408 0.0919 0.0010 2.2634 1.1194  1 2017
266.534 29.1126 266.511 29.7692 0.0245 0.0384 0.0106 1.7799 1.0176  1 2017
266.544 29.1125 266.537 29.7695 0.0226 0.0381 0.0071 1.5163 1.1897  1 2017
266.554 29.1110 266.546 29.7695 0.0194 0.0353 0.0036 1.4644 0.9085  1 2017
266.563 29.1069 266.550 29.7692 0.0187 0.0352 0.0023 1.4395 0.8975  1 2017
266.573 29.1039 266.555 29.7692 0.0159 0.0314 0.0005 1.5306 1.1900  1 2017
266.583 29.1020 266.558 29.7699 0.0097 0.0124 0.0070 1.9206 1.2733  1 2017
266.593 29.1031 266.566 29.7698 0.0188 0.0276 0.0101 2.2347 1.2220  1 2017
266.603 29.1058 266.575 29.7687 0.0184 0.0263 0.0104 2.0878 1.2492  1 2017
266.612 29.1102 266.585 29.7683 0.0216 0.0289 0.0142 1.8399 1.1056  1 2017
266.621 29.1142 266.598 29.7676 0.0275 0.0525 0.0025 1.6700 1.1406  1 2017
266.722 29.1060 266.707 29.7736 0.0138 0.0222 0.0054 1.2951 0.9895  1 2017
266.823 29.1211 266.760 29.7785 0.0107 0.0128 0.0086 1.8397 1.0665  1 2017
266.833 29.1248 266.767 29.7781 0.0372 0.1350 0.0010 1.8159 1.0606  1 2017
266.851 29.1326 266.807 29.7738 0.0510 0.0828 0.0193 2.2361 1.2231  1 2017
266.861 29.1352 266.852 29.7641 0.0681 0.1091 0.0272 1.8704 1.2066  1 2017
266.871 29.1357 266.901 29.7526 0.0969 0.1488 0.0449 2.2127 1.2591  1 2017
266.902 29.1312 266.995 29.7243 0.0611 0.0866 0.0356 1.9292 1.2206  1 2017
266.985 29.1033 266.833 29.7679 0.0529 0.0985 0.0073 1.6929 1.0167  1 2017
266.995 29.1069 266.783 29.7767 0.0134 0.0233 0.0035 1.7894 1.0971  1 2017
